-> started at 392954079999285
392954084427139
392954084461151
392954084467157
392954084480145
392954084508185
392954084509197
392954084515169
392954084540173
392954084549211
392954084563207
392954084567201
392954084577163
392954084591191
392954084595179
392954084611217
392954084613253
392954084631241
392954084647259
392954084658235
392954084664247
392954084666223
392954084698229
392954084701263
392954084725275
392954084726291
392954084744285
392954084746309
392954084749297
392954084758279
392954084780269
392954084782303
392954084831341
392954084833359
392954084860347
392954084864319
392954084865315
392954084874335
392954084879353
392954084881331
392954084884325
392954084900407
392954084922401
392954084936395
392954084938389
392954084951371
392954084960383
392954084963377
392954084977365
392954085029413
392954085041467
392954085042455
392954085052443
392954085059461
392954085067449
392954085078419
392954085087431
392954085094425
392954085099437
392954085126479
392954085128489
392954085136495
392954085166473
392954085192485
392954085201517
392954085212511
[2026-01-01T21:36:10Z INFO  grade_scraper]  -> stopped at 392954087901523  